46 178
58 155
62 145
124 717
184 445
186 435
248 806
293 3413
473 1863
586 1708
598 1341
602 1344
614 1435
1317 6764
1416 5663
1465 6826
1479 6152
1578 5145
1703 5296
1756 5073
1984 4445
2028 4536
2086 4315
2498 7241
2971 6728
4586 19193
4946 17978
5223 15543
5602 15709
5794 13947
5798 13801
5998 13491
6002 13494
6585 13528
7024 15545
8828 21296
9172 20714
12557 63774
13679 59209
14362 61279
15109 54212
17257 46463
17891 55889
18158 49621
18271 43841
18883 53546
19021 95148
19984 40632
20028 45036
20228 48986
20434 43115
20653 42666
20854 42672
21072 42275
24998 72041
30307 65727
50146 163485
50228 159435
53167 150827
54394 162132
58039 151641
58546 136665
58996 135755
59519 135921
59998 134991
60002 134994
60614 133487
61454 130322
62785 127548
63112 142474
95105 190296
143818 687056
157043 520933
160544 498307
163642 543374
167003 532936
175028 462321
185567 431164
192857 456307
197997 404603
199984 400632
200028 450036
203028 443821
213784 468282
219512 500574
222197 450137
249998 720041
473334 2114997
526312 1709634
532666 1693335
535119 1644511
560002 1574959
584151 1697849
584849 1388239
587071 1376648
592171 1351128
594002 1535045
594058 1530155
599998 1349991
600002 1349994
600614 1346772
614054 1434872
617854 1296617
625919 1292789
627436 1291158
628064 1275047
632792 1435039
643628 1583371
732478 1489205
1287256 6999293
1485294 5990867
1609093 5599483
1777576 4551208
1801578 5994855
1881863 4255787
1918331 4170761
1937046 4130935
1980439 4084351
1999984 4000632
2000028 4500036
2028459 4446671
2499998 7200041
